-0.923912 892
-0.336729 893
-1.000000 894
-0.724762 895
-0.319732 896
-1.000000 897
0.120559 898
-0.055847 899
0.249922 900
-1.000000 901
-0.556025 902
-0.399856 903
1.000000 904
-1.000000 905
0.277163 906
0.141354 907
-1.000000 908
-0.505400 909
-0.500848 910
0.227865 911
-0.516053 912
-0.066074 913
1.000000 914
-0.996338 915
1.000000 916
-1.000000 917
0.401418 918
-0.513406 919
-0.373795 920
-1.000000 921
-0.374934 922
-1.000000 923
-0.327825 924
-1.000000 925
-0.363698 926
-0.492220 927
-0.309986 928
-1.000000 929
-0.711451 930
-0.556025 931
1.000000 932
-0.190725 933
-0.786403 934
0.624426 935
1.000000 936
-0.711451 937
-0.425136 938
-0.603864 939
1.000000 940
1.000000 941
-1.000000 942
-0.806600 943
1.000000 944
0.815852 945
-0.608474 946
-1.000000 947
-1.000000 948
-0.711451 949
-0.118712 950
0.979579 951
-0.659506 952
-0.821123 953
-0.665885 954
0.333533 955
1.000000 956
0.736343 957
0.711051 958
-1.000000 959
-0.371194 960
0.508278 961
0.136092 962
-0.685219 963
-0.354905 964
-0.362232 965
0.978618 966
-0.376669 967
-0.556025 968
1.000000 969
-0.802949 970
0.136092 971
-0.215087 972
-0.721279 973
-0.415883 974
-0.556025 975
-0.709162 976
-0.487015 977
0.128472 978
-0.334651 979
0.447872 980
1.000000 981
-0.231980 982
-0.556025 983
0.229677 984
-0.556025 985
-0.350025 986
-0.711451 987
0.011860 988
-0.738204 989
-0.338041 990
-0.765476 991
1.000000 992
-0.182465 993
-0.603864 994
-0.718091 995
1.000000 996
-0.731467 997
-0.746371 998
-1.000000 999
-0.556025 1000
-0.700969 1001
-0.918655 1002
0.186533 1003
0.979579 1004
0.149305 1005
1.000000 1006
-1.000000 1007
0.264504 1008
1.000000 1009
-0.389728 1010
-0.179784 1011
1.000000 1012
-1.000000 1013
1.000000 1014
-0.731467 1015
-0.603864 1016
-1.000000 1017
-0.691728 1018
0.984001 1019
-0.913943 1020
-0.704844 1021
-0.758609 1022
-0.026248 1023
-1.000000 1024
0.178488 1025
-0.835930 1026
-1.000000 1027
-0.535111 1028
-0.766990 1029
-0.343370 1030
-1.000000 1031
-1.000000 1032
0.845325 1033
-0.864238 1034
-0.784905 1035
-0.378942 1036
-1.000000 1037
-0.190725 1038
-1.000000 1039
-0.190725 1040
-1.000000 1041
1.000000 1042
-0.400999 1043
-0.967042 1044
-0.346404 1045
0.382147 1046
-0.704844 1047
0.845618 1048
-0.343370 1049
-0.378942 1050
-0.311439 1051
0.186533 1052
1.000000 1053
0.319160 1054
-0.556025 1055
-1.000000 1056
1.000000 1057
-0.437524 1058
-1.000000 1059
1.000000 1060
-0.341561 1061
-0.556025 1062
-0.537860 1063
-0.961938 1064
-0.400999 1065
-1.000000 1066
0.991986 1067
0.741435 1068
-0.509568 1069
1.000000 1070
1.000000 1071
-0.802949 1072
-0.484259 1073
0.353897 1074
-0.603864 1075
0.731317 1076
-0.895119 1077
1.000000 1078
-1.000000 1079
-1.000000 1080
-0.895119 1081
-0.219989 1082
-0.190725 1083
-0.394484 1084
-1.000000 1085
1.000000 1086
-1.000000 1087
1.000000 1088
0.664362 1089
-0.740363 1090
-0.112100 1091
1.000000 1092
-0.259672 1093
0.004766 1094
1.000000 1095
-1.000000 1096
-0.274409 1097
1.000000 1098
-0.749206 1099
0.976598 1100
-0.711451 1101
-0.758609 1102
-0.556025 1103
-0.687984 1104
0.397695 1105
-1.000000 1106
-0.378942 1107
0.186533 1108
0.036934 1109
0.559680 1110
-0.556025 1111
1.000000 1112
-0.685219 1113
0.242945 1114
-1.000000 1115
1.000000 1116
1.000000 1117
-0.138206 1118
0.186533 1119
-0.818012 1120
-0.252159 1121
-0.662234 1122
0.844643 1123
-1.000000 1124
-0.520901 1125
0.249271 1126
-0.678742 1127
0.251190 1128
-0.500104 1129
0.748939 1130
0.603299 1131
1.000000 1132
1.000000 1133
-0.538683 1134
-0.556025 1135
-0.474146 1136
-0.522421 1137
0.657129 1138
-0.234266 1139
0.607995 1140
0.336443 1141
1.000000 1142
-0.678742 1143
-0.346780 1144
-0.704844 1145
-0.762038 1146
-0.556025 1147
-0.603864 1148
-0.731467 1149
0.745415 1150
-0.685219 1151
-1.000000 1152
-0.017029 1153
1.000000 1154
-0.436192 1155
-0.830075 1156
-0.556025 1157
-0.190725 1158
-0.392683 1159
-0.309986 1160
-0.659506 1161
-0.429233 1162
-1.000000 1163
1.000000 1164
-0.529795 1165
-0.400999 1166
-0.101918 1167
-0.784905 1168
-0.378753 1169
-0.996665 1170
-0.731552 1171
-1.000000 1172
0.329764 1173
0.675266 1174
0.874533 1175
-1.000000 1176
-1.000000 1177
-0.556025 1178
-0.404272 1179
-0.400999 1180
-1.000000 1181
-0.190725 1182
1.000000 1183
-0.400999 1184
-0.490987 1185
-0.786271 1186
-0.718091 1187
1.000000 1188
-1.000000 1189
-0.319319 1190
-1.000000 1191
-1.000000 1192
-0.608474 1193
-0.172682 1194
-0.704844 1195
0.020748 1196
0.972513 1197
-1.000000 1198
1.000000 1199
-0.116353 1200
-1.000000 1201
-1.000000 1202
-0.510729 1203
-0.556025 1204
1.000000 1205
0.563809 1206
0.152737 1207
-0.529118 1208
-1.000000 1209
-0.724762 1210
-1.000000 1211
-0.552902 1212
-0.526910 1213
-0.766990 1214
-0.333786 1215
0.843912 1216
-0.698270 1217
1.000000 1218
-0.429233 1219
-0.159979 1220
-0.722773 1221
-0.402565 1222
-0.401239 1223
0.264504 1224
1.000000 1225
-1.000000 1226
-0.319319 1227
-0.821123 1228
-1.000000 1229
-0.758082 1230
0.177399 1231
-0.696633 1232
-0.758609 1233
-1.000000 1234
1.000000 1235
-0.389473 1236
-0.331390 1237
-0.766990 1238
0.235857 1239
-1.000000 1240
0.695506 1241
1.000000 1242
-0.758082 1243
-0.696633 1244
-0.480666 1245
-0.322638 1246
-0.421290 1247
1.000000 1248
-0.556025 1249
-0.603864 1250
-1.000000 1251
-1.000000 1252
0.753204 1253
0.620192 1254
-0.724762 1255
1.000000 1256
-1.000000 1257
-1.000000 1258
-0.341561 1259
1.000000 1260
-0.822218 1261
-1.000000 1262
0.974448 1263
-0.415883 1264
-0.932897 1265
1.000000 1266
0.469119 1267
-0.623437 1268
-0.722773 1269
-0.448814 1270
0.389976 1271
-0.603864 1272
-0.782413 1273
-0.605935 1274
-1.000000 1275
-0.545929 1276
1.000000 1277
-0.704844 1278
-1.000000 1279
-1.000000 1280
-1.000000 1281
-0.286698 1282
1.000000 1283
-0.510290 1284
-0.961571 1285
-0.084859 1286
0.942349 1287
-0.767899 1288
1.000000 1289
-0.691728 1290
-0.819267 1291
0.845593 1292
-1.000000 1293
1.000000 1294
-1.000000 1295
0.685272 1296
-0.752960 1297
-0.919414 1298
-1.000000 1299
0.186533 1300
-0.444183 1301
0.186533 1302
0.988448 1303
-0.352901 1304
-0.556025 1305
0.788919 1306
-0.803823 1307
-0.556025 1308
1.000000 1309
